*Solution for the number 10^199 with 122 summands:
10000000000000000000000000000000000000000000000000000000000000000000000000000000000000000000000000000000000000000000000000000000000000000000000000000000000000000000000000000000000000000000000000000000
[(660, 0), (655, 2), (654, 3), (651, 4), (649, 5), (647, 6), (642, 7), (635, 11), (631, 13), (630, 14), (619, 18), (615, 19), (612, 21), (608, 22), (605, 23), (600, 24), (593, 27), (588, 29), (583, 31), (581, 32), (578, 33), (576, 34), (571, 35), (570, 36), (565, 37), (563, 39), (558, 40), (555, 42), (552, 43), (543, 44), (540, 45), (539, 46), (534, 47), (533, 48), (531, 49), (525, 50), (524, 51), (522, 52), (518, 53), (513, 55), (506, 56), (504, 57), (502, 58), (497, 59), (491, 63), (487, 65), (483, 66), (481, 67), (474, 68), (470, 69), (466, 71), (464, 72), (463, 73), (459, 74), (455, 76), (454, 77), (452, 78), (448, 79), (444, 80), (440, 82), (439, 83), (435, 84), (431, 85), (429, 86), (427, 87), (425, 88), (420, 89), (418, 90), (411, 92), (401, 97), (399, 98), (395, 100), (393, 101), (390, 103), (386, 105), (385, 106), (381, 107), (377, 108), (372, 111), (369, 112), (367, 113), (361, 115), (358, 117), (354, 118), (350, 119), (347, 121), (340, 122), (335, 123), (334, 124), (324, 126), (322, 127), (320, 128), (314, 131), (312, 132), (308, 133), (305, 135), (300, 136), (292, 140), (288, 141), (285, 143), (278, 146), (276, 147), (274, 148), (268, 152), (264, 153), (262, 154), (261, 155), (255, 156), (253, 157), (250, 158), (247, 160), (243, 161), (242, 162), (237, 165), (228, 166), (224, 169), (220, 170), (218, 172), (212, 174), (204, 175), (201, 176), (199, 178)]
(correctness, divisibility, # of summands): (True, True, 122)

*Solution for the number 10^299 with 186 summands:
100000000000000000000000000000000000000000000000000000000000000000000000000000000000000000000000000000000000000000000000000000000000000000000000000000000000000000000000000000000000000000000000000000000000000000000000000000000000000000000000000000000000000000000000000000000000000000000000000000000000
[(992, 0), (989, 1), (986, 3), (983, 4), (981, 5), (980, 6), (975, 8), (970, 11), (968, 12), (963, 14), (960, 15), (955, 17), (951, 18), (948, 19), (944, 20), (942, 21), (941, 22), (939, 23), (931, 24), (918, 30), (917, 31), (915, 32), (909, 34), (901, 37), (900, 38), (895, 40), (887, 42), (884, 44), (881, 45), (879, 46), (877, 47), (868, 51), (867, 52), (863, 53), (858, 54), (853, 57), (849, 58), (844, 59), (843, 60), (840, 61), (836, 62), (834, 63), (829, 66), (826, 68), (820, 69), (818, 70), (814, 71), (810, 72), (808, 73), (807, 74), (801, 75), (799, 76), (795, 77), (793, 79), (785, 80), (779, 83), (778, 84), (768, 85), (764, 87), (762, 88), (761, 89), (751, 90), (748, 91), (745, 92), (742, 93), (741, 94), (738, 95), (731, 96), (725, 100), (718, 103), (709, 107), (706, 109), (702, 111), (701, 112), (695, 113), (693, 114), (689, 116), (688, 117), (685, 118), (680, 120), (679, 121), (671, 122), (669, 123), (667, 124), (663, 126), (661, 127), (657, 128), (655, 129), (653, 130), (652, 131), (649, 132), (644, 133), (642, 135), (634, 137), (631, 138), (626, 139), (617, 144), (615, 145), (610, 148), (606, 150), (605, 151), (601, 153), (597, 154), (595, 155), (590, 158), (586, 160), (585, 161), (582, 162), (579, 164), (571, 165), (566, 167), (562, 169), (560, 170), (558, 171), (556, 172), (555, 173), (548, 176), (546, 177), (545, 178), (541, 179), (539, 181), (533, 183), (529, 185), (526, 186), (522, 187), (521, 188), (515, 190), (512, 191), (511, 192), (509, 193), (504, 194), (499, 195), (493, 197), (492, 198), (485, 201), (482, 203), (478, 205), (475, 206), (473, 207), (471, 208), (468, 210), (459, 214), (455, 215), (451, 216), (448, 218), (445, 219), (444, 220), (438, 221), (435, 222), (434, 223), (431, 224), (428, 226), (422, 227), (418, 229), (414, 231), (413, 232), (408, 233), (406, 234), (402, 235), (400, 236), (394, 238), (392, 239), (389, 240), (385, 241), (380, 243), (375, 245), (372, 246), (366, 248), (364, 249), (359, 250), (357, 251), (354, 252), (348, 255), (341, 258), (338, 259), (334, 262), (329, 263), (326, 264), (324, 265), (322, 266), (318, 268), (316, 270), (308, 271), (302, 272), (301, 273), (299, 274)]
(correctness, divisibility, # of summands): (True, True, 186)

Done! It took 0 seconds.
